285
758
890
765
951
30
430
972
967
731
704
235
532
323
294
779
963
338
879
687
683
645
1
964
604
978
508
354
928
677
811
264
372
113
973
146
815
329
414
208
932
145
325
76
387
737
954
806
314
657
440
315
565
924
761
25
975
367
707
568
970
619
862
398
675
427
281
99
105
466
485
849
448
353
400
866
301
655
207
873
471
678
808
570
470
526
567
309
525
123
734
605
747
437
107
909
739
774
720
467
114
341
286
134
887
319
480
947
612
900
492
801
837
308
627
128
149
817
899
839
345
929
877
496
462
71
910
716
768
786
821
283
760
425
411
187
842
826
621
853
562
75
445
923
850
424
509
436
781
950
557
122
874
542
543
458
457
511
349
365
50
79
845
573
109
115
500
935
888
652
957
488
614
917
69
347
733
61
735
435
311
313
151
32
291
406
682
438
945
421
463
635
962
576
267
988
625
447
938
386